Calculating DSD took 145.7516598701477 seconds for 5 steps.
Calculating DSD took 211.94518184661865 seconds for 10 steps.
Calculating DSD took 359.9353723526001 seconds for 20 steps.
Calculating DSD took 629.4091050624847 seconds for 40 steps.
Calculating DSD took 1186.063549041748 seconds for 80 steps.
Calculating DSD took 108.67271900177002 seconds for -1 steps.


Element-wise mean change in DSD matrix (omitted -1):
[8865351088441812, 0.36505974931657714, 0.1552427924952903, 0.18033071536615392]


DSD matrix after 5 steps:

[[0.         4.26872225 4.79180144 ... 8.0536137  8.44011071 7.95767962]
 [4.26872225 0.         4.15973415 ... 8.00904582 8.3429483  7.78038788]
 [4.79180144 4.15973415 0.         ... 6.95325197 8.35911519 7.78815851]
 ...
 [8.0536137  8.00904582 6.95325197 ... 0.         8.98363688 8.47071746]
 [8.44011071 8.3429483  8.35911519 ... 8.98363688 0.         8.7736337 ]
 [7.95767962 7.78038788 7.78815851 ... 8.47071746 8.7736337  0.        ]]

Regularized singular matrix for convergence (-1 steps):

[[0.         4.39145718 4.99572633 ... 8.78391812 9.1185297  8.67872977]
 [4.39145718 0.         4.28003961 ... 8.64357266 8.96913197 8.36719764]
 [4.99572633 4.28003961 0.         ... 7.40956368 8.96002904 8.30176728]
 ...
 [8.78391812 8.64357266 7.40956368 ... 0.         9.62895056 9.01228811]
 [9.1185297  8.96913197 8.96002904 ... 9.62895056 0.         9.46608522]
 [8.67872977 8.36719764 8.30176728 ... 9.01228811 9.46608522 0.        ]]
